home	draw	away	results
0	0	0	3
0	0	0	1
31	11.5	1.01	3
36	10.25	1.01	3
15.5	6.95	1.11	3
12.25	7.4	1.12	3
12.5	7.5	1.16	3
13.25	5.2	1.18	3
11.5	5.35	1.19	3
11.5	5.4	1.19	3
10.75	5.55	1.2	3
12.25	5.05	1.2	3
11.25	5.4	1.2	1
10.5	5.1	1.22	3
9.6	4.95	1.24	3
12.75	6.95	1.24	2
9.6	4.95	1.24	3
10.5	5.85	1.24	3
7.5	5.55	1.25	3
8.8	4.85	1.26	3
8.1	4.85	1.28	3
10.5	4.85	1.3	3
6.7	5.2	1.3	3
8.8	4.25	1.31	3
8	4.5	1.31	1
8.2	4.3	1.32	3
6.8	4.8	1.32	3
8.1	5.1	1.33	3
6.55	4.85	1.33	3
7.4	4.45	1.33	2
5.65	5.2	1.35	3
7	4.25	1.36	3
7.6	4.1	1.36	3
6.2	4.45	1.38	3
6.35	4.33	1.38	3
8.4	5.3	1.38	2
8.5	4.95	1.4	2
8.2	4.25	1.4	3
7	4.4	1.41	2
6.75	4.5	1.41	2
9.1	4.65	1.42	2
6.45	4.55	1.42	3
6	4.05	1.43	3
6.75	4.45	1.43	3
5.3	4.45	1.43	1
5.7	4.2	1.43	3
6.55	4.45	1.44	3
6.9	4.3	1.44	2
5.75	4.1	1.44	3
7.5	4.9	1.44	1
5.6	4.1	1.45	3
5.85	4	1.45	1
8	3.35	1.45	3
7.2	3.85	1.47	3
5.7	3.88	1.47	3
5.05	4.3	1.47	3
6.2	4.2	1.47	2
5.65	4.5	1.47	2
6.15	5.2	1.47	2
5.25	4.05	1.48	2
6.7	4.8	1.49	2
5.15	4.05	1.49	1
5.6	3.8	1.49	3
4.6	4.45	1.49	3
5.2	3.98	1.5	2
5.1	4	1.5	3
5.1	3.94	1.51	1
5.6	3.72	1.51	3
5.2	4.5	1.52	1
4.45	4.33	1.52	3
5.1	3.84	1.53	3
5.1	3.84	1.53	3
4.95	3.94	1.53	2
4.8	3.98	1.53	3
5.5	4.15	1.54	1
5.85	3.8	1.55	3
5.1	3.62	1.56	3
5.95	3.34	1.56	2
5.55	4.6	1.56	3
6.2	3.24	1.56	3
5.25	4.1	1.57	3
4.45	3.95	1.58	1
4.8	3.68	1.58	3
4.33	3.98	1.59	1
4.25	4.05	1.59	2
5.6	3.62	1.6	3
6.25	3.94	1.6	2
5.25	3.84	1.61	3
5	3.98	1.61	2
5	3.42	1.61	2
4.33	3.88	1.61	3
4.15	3.96	1.62	3
5.35	3.68	1.63	3
4.33	3.72	1.64	2
5.2	3.25	1.64	3
4.5	3.58	1.64	1
3.98	3.98	1.65	1
4.25	3.68	1.65	2
4.15	3.74	1.67	3
3.92	3.88	1.67	1
4.2	3.64	1.67	3
3.72	4.1	1.67	3
4.25	3.62	1.67	3
4.45	3.98	1.68	3
4.95	4.15	1.68	2
4.2	3.58	1.68	3
3.58	4.25	1.68	3
4.65	4.5	1.69	3
4.4	3.84	1.69	2
4.6	3.72	1.69	3
3.62	4.05	1.7	1
4.05	3.64	1.7	3
4.65	4.4	1.7	2
4.95	3.52	1.71	2
4.85	4.05	1.71	2
4.33	3.4	1.71	3
4.9	3.5	1.72	2
4.05	3.54	1.72	3
5.1	4	1.72	3
4.3	3.84	1.72	3
3.78	3.74	1.72	3
3.82	3.7	1.72	1
4.35	3.68	1.73	1
3.8	3.7	1.73	3
3.82	3.7	1.73	3
3.68	3.82	1.73	1
4.85	3.36	1.74	3
4.45	3.68	1.74	3
4.55	3.14	1.74	3
3.98	3.44	1.75	3
4.05	3.42	1.75	2
4.2	3.68	1.76	1
4.05	3.4	1.76	2
3.42	3.92	1.77	1
3.66	3.68	1.77	3
4.7	2.98	1.78	1
3.65	3.66	1.78	2
4.2	3.18	1.79	2
3.62	3.6	1.79	1
4.4	3.08	1.79	3
4.5	4	1.8	3
3.52	3.66	1.8	3
3.58	3.56	1.81	3
3.7	3.44	1.81	3
4.45	3.32	1.81	2
3.88	3.72	1.81	2
4.1	3.48	1.83	2
4.2	3.4	1.83	3
3.88	3.24	1.83	2
3.64	3.46	1.83	3
3.26	3.8	1.84	3
3.92	3.2	1.84	1
3.72	3.32	1.85	3
3.6	3.75	1.87	1
3.46	3.46	1.87	1
4.05	3.42	1.88	2
3.46	3.45	1.88	2
3.6	3.72	1.9	3
3.18	3.68	1.9	1
3.84	3.06	1.9	3
3.4	3.4	1.91	2
4.05	3.25	1.91	3
3.78	3.52	1.91	2
3.08	3.74	1.92	3
3.55	3.22	1.92	1
3.56	3.18	1.93	2
3.44	3.28	1.94	3
3.4	3.7	1.94	3
3.88	3.32	1.95	1
3.58	3.14	1.95	1
3.28	3.36	1.96	1
3.12	3.54	1.96	2
3.32	3.32	1.97	2
3.52	3.56	1.97	1
3.52	3.52	1.97	3
3.42	3.22	1.97	2
3.7	2.99	1.98	1
3.12	3.48	1.98	3
3.5	3.12	1.98	2
3.35	3.68	1.99	3
3.1	3.48	1.99	3
3.24	3.74	1.99	2
3.2	3.35	1.99	1
2.99	3.65	1.99	1
2.89	3.74	2	1
3	3.58	2	3
3.04	3.52	2	3
3.44	3.08	2.01	3
2.89	3.72	2.01	3
3.08	3.44	2.01	2
3.08	3.42	2.02	3
3.06	3.44	2.02	3
3.28	3.22	2.02	3
3.04	3.46	2.02	1
3.42	3.08	2.02	3
2.95	3.62	2.02	3
3.02	3.46	2.03	3
3.02	3.44	2.04	1
3.5	3.38	2.04	3
3.44	3.44	2.04	1
2.9	3.6	2.04	1
3.84	3.08	2.05	2
3.38	3.38	2.05	2
3	3.45	2.05	3
3.3	3.1	2.05	2
3.12	3.28	2.05	3
3.54	2.9	2.06	2
3.26	3.14	2.06	1
3.6	3.24	2.06	1
3.1	3.25	2.07	3
3.4	3.4	2.07	1
3.6	3.14	2.07	3
3.36	2.99	2.08	2
3.18	3.15	2.08	3
2.95	3.42	2.08	3
3.08	3.65	2.08	2
2.97	3.88	2.09	3
2.91	3.44	2.09	2
2.74	3.72	2.09	3
2.76	3.68	2.09	2
3.12	3.62	2.1	3
2.79	3.6	2.1	3
3.08	3.24	2.1	1
3	3.32	2.1	3
3.6	3.12	2.11	3
2.86	3.45	2.11	1
3.04	3.22	2.11	3
3.1	3.16	2.11	3
3.24	4.05	2.11	3
3.68	2.72	2.12	3
3.04	3.68	2.12	3
3.28	3.3	2.12	3
3.34	3.32	2.12	1
2.56	4.15	2.12	1
3.3	3.3	2.13	3
2.89	3.36	2.13	1
2.81	3.48	2.13	3
3.32	3.32	2.13	3
3.02	3.6	2.13	1
3.38	3.72	2.14	1
3.2	3.42	2.14	2
2.63	3.76	2.14	1
3.08	3.54	2.15	3
3.1	3.1	2.15	3
3.3	3.22	2.15	2
3.12	3.08	2.15	3
2.7	3.58	2.16	2
2.77	3.46	2.16	3
3.04	3.12	2.16	2
2.81	3.84	2.16	2
3.38	2.83	2.16	3
2.78	3.45	2.17	1
2.85	3.32	2.17	2
3.18	2.97	2.17	3
2.83	3.78	2.17	3
3.46	3.1	2.17	1
2.65	3.64	2.17	3
3.04	3.08	2.18	2
2.97	3.18	2.18	1
2.76	3.4	2.19	2
2.8	3.34	2.19	1
2.85	3.68	2.19	3
2.78	3.38	2.19	3
2.77	3.36	2.2	2
3.04	3.46	2.2	3
3.05	3.42	2.21	2
3.18	2.92	2.21	1
2.52	3.8	2.21	3
3.02	3.04	2.21	1
3.02	3.04	2.21	1
2.76	3.35	2.21	3
3.05	3.4	2.22	2
2.78	3.3	2.22	3
3.44	3.44	2.22	3
3.02	3	2.23	3
3.2	3.15	2.23	1
3.25	3.16	2.23	1
2.82	3.24	2.23	3
2.76	3.32	2.23	2
2.94	3.44	2.23	1
2.83	3.24	2.23	3
2.68	3.42	2.24	2
2.67	3.42	2.24	1
2.54	3.66	2.24	3
2.88	3.58	2.25	1
2.8	3.22	2.25	3
2.99	2.99	2.25	3
3.32	3.48	2.26	2
2.85	3.58	2.26	1
2.75	3.26	2.26	2
2.47	3.76	2.26	1
2.88	3.52	2.27	3
2.52	3.64	2.27	2
3.1	3.62	2.27	1
3.12	3.14	2.27	3
3.52	3.24	2.27	3
2.7	3.3	2.28	1
2.92	3.02	2.28	1
2.75	3.22	2.28	3
2.7	3.3	2.29	3
2.86	3.06	2.29	1
2.92	3.42	2.29	3
2.9	3.04	2.29	1
3.1	3.2	2.29	3
2.83	3.44	2.3	3
2.68	3.28	2.3	1
2.9	3.42	2.3	3
2.62	3.38	2.3	3
2.67	3.3	2.3	3
2.69	3.66	2.3	3
3.1	3.15	2.31	2
3.05	3.14	2.31	2
3.18	3.46	2.32	3
3.08	3.16	2.32	2
2.9	2.97	2.32	1
2.53	3.5	2.32	1
2.52	3.64	2.32	1
2.5	3.54	2.32	3
2.79	3.1	2.32	1
2.83	3.38	2.33	2
2.71	3.2	2.33	1
3.42	3.18	2.34	2
2.95	3.2	2.34	1
2.62	3.7	2.34	3
2.96	2.9	2.34	1
2.62	3.3	2.34	3
2.35	3.84	2.34	1
2.71	3.52	2.35	2
2.7	3.15	2.35	3
3	3.58	2.35	2
3.02	3.18	2.35	3
2.63	3.28	2.35	2
2.76	3.5	2.36	3
2.48	3.52	2.36	3
2.56	3.38	2.36	3
2.61	3.28	2.36	1
2.64	3.25	2.36	2
2.72	3.52	2.38	1
2.5	3.42	2.38	1
2.84	2.94	2.38	3
2.85	2.95	2.38	3
2.62	3.25	2.38	3
2.68	3.12	2.38	2
2.96	3.2	2.38	1
3.08	3.08	2.38	3
3.05	2.75	2.38	3
2.86	3.22	2.39	3
3	3.54	2.4	1
2.39	3.6	2.4	3
2.54	3.3	2.4	3
2.57	3.24	2.41	1
2.83	2.9	2.41	1
2.35	3.68	2.41	2
2.84	3.28	2.41	1
2.69	3.5	2.41	3
2.65	3.12	2.41	3
2.68	3.5	2.42	1
2.72	3.98	2.42	1
2.49	3.38	2.42	3
2.24	3.92	2.43	2
2.35	3.62	2.43	3
2.56	3.22	2.43	2
3.58	2.61	2.44	1
2.39	3.52	2.44	1
2.93	3.12	2.44	2
2.88	3.64	2.44	3
2.32	3.68	2.44	3
2.47	3.35	2.44	1
2.5	3.32	2.45	1
2.61	3.56	2.45	1
2.88	3.1	2.45	2
2.31	3.7	2.46	2
2.56	3.64	2.46	3
2.8	2.89	2.46	2
3.05	3.34	2.47	2
2.44	3.38	2.47	2
2.61	3.1	2.47	1
2.39	3.46	2.48	1
2.4	3.42	2.48	1
2.38	3.46	2.48	3
2.73	3.3	2.48	3
2.34	3.52	2.49	2
2.83	3.15	2.49	1
2.22	3.84	2.49	1
2.36	3.48	2.49	2
2.82	2.82	2.49	2
2.35	3.52	2.5	3
2.42	3.36	2.5	3
2.74	2.88	2.5	2
2.61	3.38	2.5	3
2.66	3.35	2.51	1
2.25	3.7	2.51	1
2.31	3.54	2.52	3
2.79	2.8	2.52	1
2.93	2.99	2.52	1
2.34	3.44	2.53	1
2.79	3.14	2.53	3
2.72	3.24	2.53	3
2.65	2.96	2.53	2
2.7	3.2	2.53	1
2.78	3.14	2.54	2
2.49	3.18	2.54	3
2.6	3.32	2.54	2
2.78	2.8	2.54	3
2.51	3.12	2.55	3
2.42	3.25	2.55	3
2.79	3.6	2.55	2
2.24	3.64	2.55	3
2.75	3.6	2.56	1
2.56	3.04	2.56	1
2.29	3.5	2.56	3
2.8	3.08	2.57	2
2.31	3.46	2.57	2
2.12	3.96	2.57	1
2.46	3.15	2.57	1
3.08	3.06	2.58	1
2.29	3.5	2.58	2
2.39	3.28	2.58	3
2.56	3	2.59	3
2.73	3.5	2.59	3
2.26	3.52	2.59	1
2.38	3.25	2.6	3
2.23	3.58	2.6	1
2.76	3.08	2.6	2
2.62	3.2	2.6	3
2.49	3.5	2.6	1
2.6	3.22	2.6	3
2.41	3.66	2.6	1
2.52	3.42	2.61	2
2.25	3.52	2.62	2
2.57	2.94	2.62	1
2.49	3.06	2.62	3
2.41	3.52	2.63	1
2.98	2.54	2.63	1
2.41	3.6	2.64	2
2.74	3.4	2.64	3
2.33	3.3	2.64	3
2.31	3.32	2.64	2
2.64	2.81	2.64	3
2.52	2.97	2.65	2
2.62	2.85	2.65	2
2.25	3.44	2.65	1
2.34	3.24	2.65	2
2.53	2.95	2.66	3
2.45	3.04	2.66	1
2.4	3.58	2.66	1
2.25	3.42	2.66	2
2.42	3.1	2.67	3
2.53	3.24	2.67	3
2.41	3.12	2.67	1
2.38	3.15	2.67	2
2.56	3.24	2.68	2
2.42	3.08	2.69	2
2.29	3.32	2.69	2
2.2	3.5	2.69	1
2.13	3.68	2.69	2
2.36	3.15	2.69	1
2.4	3.42	2.7	3
2.4	3.42	2.7	1
2.21	3.48	2.7	3
2.62	2.79	2.7	2
2.56	2.84	2.7	1
2.34	3.18	2.71	3
2.29	3.25	2.71	2
2.42	3.02	2.71	2
2.38	3.12	2.71	1
2.55	3.22	2.71	3
2.3	3.22	2.72	3
2.09	3.74	2.72	1
2.15	3.6	2.72	2
2.28	3.24	2.73	2
2.44	2.99	2.73	1
2.38	3.06	2.74	1
2.14	3.56	2.74	2
2.61	3.02	2.74	3
2.38	3.4	2.74	3
2.79	3.28	2.74	2
2.35	3.1	2.74	2
2.19	3.44	2.75	1
2.68	3.42	2.75	3
2.6	3.08	2.75	1
2.52	3.22	2.75	1
2.22	3.38	2.75	3
2.34	3.1	2.75	2
2.55	3.16	2.75	1
2.38	3.38	2.76	3
2.25	3.3	2.76	3
2.18	3.45	2.76	1
2.46	2.91	2.76	2
2.21	3.88	2.76	1
1.99	4.05	2.76	2
2.3	3.62	2.77	1
2.89	2.74	2.78	2
2.26	3.22	2.78	1
2.19	3.4	2.78	3
2	3.94	2.78	3
2.22	3.3	2.78	3
2.65	2.98	2.78	2
2.2	3.35	2.78	1
2.24	3.74	2.79	3
2.22	3.32	2.79	1
2.38	3	2.8	3
2.26	3.66	2.8	1
2.33	3.08	2.81	1
2.12	3.54	2.81	3
2.28	3.16	2.81	2
1.95	4.1	2.81	1
2.2	3.34	2.81	3
2.32	3.08	2.82	3
2.21	3.3	2.82	3
2.48	3.18	2.82	2
2.23	3.7	2.83	3
2.73	2.84	2.83	2
2.19	3.32	2.84	3
2.65	2.61	2.84	1
2.2	3.26	2.84	3
2.13	3.44	2.84	3
2.24	3.65	2.84	1
2.27	3.12	2.84	1
2.19	3.3	2.84	1
2.22	3.22	2.84	2
2.1	3.96	2.85	3
2.1	3.5	2.85	2
1.98	3.9	2.85	3
2.18	3.3	2.85	3
2.22	3.22	2.85	2
2.23	3.18	2.86	3
2.27	3.54	2.86	2
2.3	3.48	2.86	1
2.1	3.52	2.86	3
2	3.8	2.86	1
2.39	3.28	2.86	1
2.16	3.34	2.86	1
2.45	3.15	2.88	3
2.03	3.66	2.88	3
2.28	3.08	2.88	3
2.12	3.44	2.88	1
2.4	3.18	2.88	3
2.11	3.44	2.88	3
1.9	4.2	2.88	2
2.16	3.32	2.88	1
2.4	3.24	2.89	1
2.38	2.89	2.89	3
2.23	3.6	2.89	3
2.41	3.22	2.89	1
2.2	3.66	2.9	1
2.2	3.2	2.9	1
2.19	3.22	2.9	3
2.17	3.25	2.9	2
2.19	3.24	2.9	2
2.25	3.45	2.9	1
2.26	3.42	2.9	2
1.95	3.9	2.91	1
2.05	4.05	2.91	2
2.11	3.42	2.91	1
2.19	3.66	2.92	2
2.11	3.38	2.92	1
2.72	3.04	2.93	2
2.17	3.68	2.93	1
2.36	2.88	2.93	1
2.16	3.24	2.93	1
2.13	3.32	2.93	3
2.12	3.35	2.94	3
2.09	3.42	2.94	3
1.95	3.84	2.94	1
2.44	3.1	2.94	1
2.15	3.26	2.95	3
2.23	3.08	2.95	2
2.09	3.9	2.96	3
2.4	2.79	2.96	2
2.32	3.3	2.96	3
2.09	3.38	2.97	1
1.98	3.72	2.97	1
2.79	2.91	2.97	2
2.11	3.3	2.98	2
2.16	3.2	2.98	3
2.08	3.38	2.98	2
2.25	3.34	2.98	1
2.12	3.26	2.99	1
2.19	3.12	2.99	3
2.14	3.22	2.99	2
2.1	3.3	3	1
2.29	2.94	3	2
2.1	3.32	3	3
2.24	3	3	2
2.21	3.06	3	1
2.6	3.16	3.02	1
2.09	3.7	3.02	1
2.27	2.93	3.02	3
2.42	2.73	3.02	2
2	3.55	3.02	1
2.24	2.96	3.04	1
2.07	3.35	3.04	3
2.3	3.18	3.04	3
2.24	3.3	3.04	2
2.08	3.3	3.04	2
1.98	3.58	3.04	3
2.27	3.24	3.04	3
2.19	3.08	3.04	3
2.2	3.06	3.04	2
2.18	3.1	3.05	2
2.17	3.52	3.05	3
2.28	3.2	3.05	3
1.86	4.05	3.05	2
2.35	3.06	3.06	1
2.2	3.44	3.06	3
2.23	3.3	3.06	3
2.24	3.24	3.08	3
2.23	2.96	3.08	1
2.4	2.7	3.08	2
2.06	3.3	3.08	2
2.27	3.8	3.08	1
2.21	3.32	3.08	1
2.32	2.8	3.08	1
2.12	3.6	3.1	2
2.15	3.52	3.1	3
2.34	2.77	3.1	3
2.15	3.1	3.1	2
1.98	3.54	3.1	1
2.38	3.04	3.1	2
2.11	3.16	3.1	3
1.99	3.5	3.1	1
2.28	3.22	3.1	2
2.35	2.75	3.1	2
2.1	3.22	3.1	1
2.03	3.36	3.12	2
2.26	2.85	3.12	2
2.28	2.84	3.12	1
2.08	3.24	3.12	3
2.31	3.12	3.12	2
2.26	3.24	3.12	2
2.14	3.12	3.12	1
1.85	3.96	3.12	1
2.22	3.24	3.12	1
2.3	3.6	3.14	2
2.13	3.08	3.14	1
2.38	3	3.14	1
1.86	3.94	3.14	1
2.24	3.18	3.15	3
2.3	3.14	3.15	2
2.07	3.68	3.15	3
2.25	3.7	3.16	1
2.38	3.38	3.18	1
2.01	3.84	3.18	1
1.95	3.5	3.18	3
2.11	3.52	3.18	2
2.08	3.52	3.18	1
1.96	3.44	3.2	2
1.95	3.48	3.2	2
2.15	3	3.2	1
1.95	3.5	3.2	3
2.47	3.2	3.2	1
2.23	3.74	3.2	3
2.28	2.79	3.2	1
2.34	3.44	3.22	1
2.19	2.89	3.22	3
2.24	2.83	3.22	3
2.1	3.42	3.22	3
2.23	3.22	3.22	1
2.23	2.85	3.22	3
2.12	3.05	3.22	3
1.96	3.45	3.22	1
1.95	3.9	3.22	3
2.09	3.08	3.24	1
2.05	3.62	3.24	1
2.23	3.18	3.24	2
2.17	3.24	3.24	2
2.29	3.06	3.24	2
2.19	2.88	3.24	1
2.05	3.18	3.24	1
2.14	3.38	3.24	2
2.19	3.25	3.25	1
2.14	2.96	3.25	1
2	3.28	3.25	2
2.23	3.16	3.25	1
2.32	2.93	3.26	2
2.1	3.45	3.26	1
1.95	3.44	3.26	3
2.17	3.2	3.28	2
2.13	2.96	3.28	2
2.24	2.78	3.28	1
2.15	3.72	3.28	1
2.05	3.5	3.28	3
2.35	2.91	3.3	1
1.83	3.82	3.3	3
2.16	2.89	3.3	1
2.2	3.18	3.3	1
1.91	3.5	3.3	1
2.03	3.16	3.3	1
2	3.6	3.32	1
2.19	2.84	3.32	1
1.95	3.34	3.32	1
1.9	3.5	3.32	3
1.78	4	3.32	1
2.13	3.88	3.32	3
2.11	3.36	3.32	2
2.11	3.3	3.32	2
2.08	3.02	3.32	1
2.08	3.05	3.32	1
2.56	2.92	3.34	1
1.91	3.45	3.34	3
1.89	3.52	3.34	3
2.07	3.04	3.35	2
1.96	3.7	3.35	3
1.93	3.36	3.36	2
1.87	3.56	3.36	1
2.14	3.74	3.36	3
1.91	3.42	3.38	2
2.06	3.04	3.38	3
2.14	3.24	3.38	3
2.28	3.36	3.38	1
2.08	2.98	3.38	2
2	3.6	3.4	2
1.96	3.24	3.4	3
1.92	3.36	3.42	1
2.01	3.1	3.42	1
1.88	3.46	3.42	1
1.95	3.74	3.42	1
2.14	3.2	3.42	1
1.87	3.5	3.42	2
1.85	3.58	3.42	1
2.3	2.84	3.42	1
2.11	2.88	3.42	3
2.09	3.3	3.44	2
2.09	2.91	3.44	1
1.85	3.55	3.44	1
1.99	3.12	3.44	1
2.06	2.99	3.44	3
2.2	2.99	3.44	2
2.05	3.4	3.44	2
1.85	3.58	3.44	1
2.02	3.5	3.44	1
2.15	3.15	3.45	2
2.02	3.48	3.45	3
1.94	3.25	3.45	1
1.84	3.58	3.45	1
1.97	3.6	3.48	1
1.94	3.22	3.48	1
2.02	3.45	3.48	3
1.89	3.88	3.5	1
1.97	3.5	3.5	3
1.83	4.05	3.5	3
1.92	3.76	3.5	3
2.13	3.15	3.5	3
2.05	2.94	3.52	1
1.89	3.34	3.52	3
1.95	3.64	3.52	3
1.74	3.92	3.54	1
1.81	3.58	3.55	1
1.77	3.74	3.56	1
1.94	3.18	3.56	3
1.88	3.34	3.58	1
1.99	3.04	3.58	3
2.32	3.15	3.58	1
1.71	4.05	3.58	2
1.91	3.7	3.6	1
1.88	3.3	3.6	2
1.98	3.06	3.6	1
1.92	3.18	3.6	3
1.81	3.54	3.6	3
1.78	3.7	3.6	1
1.99	3	3.62	2
1.85	3.4	3.62	3
1.74	3.82	3.62	1
1.68	4.15	3.62	3
1.82	3.52	3.62	1
1.98	3.42	3.64	1
1.87	3.32	3.64	3
2.04	2.89	3.64	3
2.12	2.73	3.64	1
1.67	4.2	3.64	2
1.71	3.94	3.64	3
1.78	3.64	3.65	1
2.08	3.08	3.65	3
2.02	3.22	3.65	3
1.94	3.52	3.66	1
1.85	3.34	3.66	1
1.77	3.66	3.66	2
1.81	3.5	3.68	1
1.87	3.76	3.68	1
1.68	4.1	3.68	3
1.97	3.02	3.68	2
1.8	3.5	3.68	2
1.98	2.98	3.68	3
2.03	2.89	3.68	1
1.92	3.56	3.7	1
2.2	3.26	3.7	1
1.91	3.12	3.72	1
1.73	3.78	3.72	3
1.94	4.1	3.74	1
1.86	3.65	3.74	3
1.78	3.52	3.74	2
1.71	3.84	3.74	2
1.78	3.55	3.74	1
1.72	3.78	3.74	2
1.97	3.36	3.74	1
1.91	3.1	3.75	1
1.91	3.1	3.75	1
1.98	3.24	3.76	3
1.96	2.99	3.76	3
1.93	3.04	3.76	1
1.74	3.7	3.76	3
1.96	3.36	3.78	1
1.75	3.64	3.78	2
1.8	3.45	3.78	3
1.86	3.25	3.78	1
1.89	3.16	3.78	1
1.94	2.99	3.8	1
1.89	3.12	3.8	2
1.97	3.32	3.8	3
1.79	3.44	3.8	1
1.85	3.24	3.8	1
2.01	3.14	3.8	3
1.68	3.92	3.8	1
1.75	3.6	3.8	1
1.96	3.92	3.8	3
1.98	2.89	3.82	3
1.89	3.1	3.82	1
1.89	3.56	3.82	3
1.82	3.35	3.82	3
1.72	3.7	3.82	2
1.76	3.54	3.82	1
2.09	2.7	3.82	1
1.85	3.68	3.84	2
1.85	3.58	3.85	2
1.82	3.7	3.85	1
1.96	3.3	3.86	1
1.69	3.84	3.88	1
1.69	3.8	3.88	1
1.92	3.4	3.88	1
1.73	3.62	3.88	1
1.94	3.32	3.92	1
1.92	2.99	3.92	2
1.77	3.42	3.92	1
1.79	3.34	3.92	1
1.65	3.95	3.94	3
1.75	3.5	3.94	1
1.78	3.88	3.95	3
1.85	3.5	3.95	1
1.59	4.33	3.95	1
1.77	3.5	3.95	2
1.72	3.62	3.95	2
2.06	2.68	3.96	1
1.91	2.99	3.96	2
1.71	3.66	3.96	2
1.69	3.72	3.96	1
1.75	3.48	3.98	1
1.6	4.25	3.98	2
1.67	3.82	3.98	2
1.88	4.05	4	1
1.99	2.77	4.05	1
1.72	3.55	4.05	1
1.94	3.22	4.05	3
1.8	3.7	4.05	1
1.91	3.25	4.05	1
1.79	3.28	4.05	1
1.94	2.85	4.05	2
1.72	3.52	4.05	1
1.69	3.64	4.05	3
1.73	3.48	4.05	3
1.72	4.05	4.1	1
1.87	3.32	4.1	2
1.69	3.6	4.1	3
1.74	3.42	4.1	3
1.98	3.04	4.1	1
1.69	3.6	4.1	2
1.98	3.55	4.1	1
1.6	4.1	4.1	3
1.87	3.02	4.1	1
1.87	3.34	4.1	1
1.84	3.1	4.1	2
1.71	3.54	4.1	2
1.67	3.68	4.15	2
1.76	3.32	4.15	2
1.81	3.6	4.15	1
1.71	3.96	4.15	1
1.8	3.2	4.15	1
1.9	3.3	4.15	1
1.76	3.32	4.15	1
1.77	3.24	4.2	2
1.77	3.24	4.2	1
1.79	3.18	4.2	2
1.88	3.32	4.2	1
1.79	3.16	4.2	1
1.79	3.54	4.2	1
1.83	3.04	4.2	3
1.69	4.1	4.25	1
1.63	3.82	4.25	1
1.64	3.74	4.25	2
1.6	3.95	4.25	1
1.73	3.74	4.3	3
1.81	3.5	4.3	3
1.68	3.52	4.3	2
1.72	3.78	4.3	1
1.51	4.6	4.3	1
1.7	3.42	4.3	2
1.87	3.3	4.3	2
1.66	3.58	4.33	3
1.64	3.68	4.33	1
1.71	3.36	4.33	1
1.68	3.5	4.35	1
1.81	4.05	4.35	1
1.79	3.5	4.4	3
1.82	3.38	4.4	1
1.53	4.3	4.4	3
1.61	4.33	4.4	1
1.79	3.42	4.4	2
1.76	3.5	4.45	1
2.05	2.78	4.45	2
2.07	2.75	4.45	1
1.74	3.58	4.45	1
1.54	4.2	4.45	3
1.67	3.45	4.45	1
1.8	3.04	4.45	1
1.74	3.2	4.45	1
1.56	4	4.5	3
1.79	3.02	4.5	2
1.93	3.44	4.5	2
1.62	3.68	4.5	1
1.62	4.2	4.5	2
1.83	3.28	4.55	2
1.59	3.82	4.55	2
1.64	3.54	4.55	2
1.79	3.02	4.55	2
1.9	3.08	4.55	1
1.62	3.68	4.55	1
1.58	3.85	4.55	2
1.69	3.74	4.55	1
1.74	3.15	4.55	2
1.6	3.74	4.6	3
1.82	3.2	4.6	3
1.74	3.12	4.6	2
1.74	4.05	4.6	1
1.74	3.5	4.6	2
1.59	3.8	4.6	1
1.56	3.98	4.6	1
1.56	3.94	4.6	2
1.83	3.7	4.65	1
1.73	4.1	4.65	3
1.68	3.34	4.65	1
1.75	3.1	4.65	2
1.64	3.48	4.65	1
1.6	3.7	4.65	2
1.65	3.44	4.65	1
1.62	4.05	4.65	1
1.67	3.35	4.65	1
1.59	4.33	4.7	1
1.84	3.16	4.7	3
1.7	3.7	4.7	1
1.56	3.86	4.7	1
1.65	3.44	4.7	1
1.72	3.6	4.7	2
1.56	3.85	4.7	1
1.52	4.15	4.7	3
1.72	3.5	4.7	1
1.64	3.45	4.75	2
1.69	3.7	4.75	1
1.72	3.14	4.75	2
1.44	4.9	4.75	3
1.67	3.3	4.8	1
1.58	3.7	4.8	3
1.7	4.15	4.8	1
1.84	2.79	4.8	1
1.57	3.74	4.8	1
1.68	3.64	4.8	3
1.66	3.8	4.85	2
1.74	3.36	4.85	3
1.71	3.48	4.85	1
1.61	4.1	4.85	2
1.52	4.05	4.85	3
1.56	3.82	4.85	1
1.68	3.7	4.85	3
1.74	3.42	4.9	3
1.55	3.8	4.9	2
1.49	4.2	4.9	1
1.76	2.93	4.9	1
1.52	4	4.9	3
1.56	3.78	4.9	2
1.58	3.64	4.9	1
1.57	3.68	4.9	3
1.49	4.2	4.9	1
1.59	4.15	4.95	1
1.67	4.25	4.95	1
1.62	3.4	4.95	2
1.68	3.55	4.95	1
1.69	3.58	5	2
1.44	4.6	5	3
1.53	3.86	5	2
1.57	3.66	5	1
1.52	3.96	5	1
1.44	4.6	5	1
1.47	4.3	5	1
1.64	3.82	5	2
1.57	3.64	5	1
1.64	3.3	5	1
1.77	3.24	5.05	2
1.59	3.5	5.05	3
1.46	4.4	5.05	2
1.55	3.7	5.05	2
1.47	4.25	5.1	1
1.55	4.2	5.1	1
1.57	3.6	5.1	2
1.67	3.64	5.1	1
1.67	3.62	5.1	1
1.59	3.48	5.1	3
1.44	4.5	5.1	3
1.55	3.65	5.15	1
1.62	3.88	5.15	3
1.66	3.64	5.15	1
1.62	3.74	5.15	2
1.63	3.66	5.2	1
1.66	3.14	5.2	1
1.61	3.74	5.25	1
1.62	3.72	5.25	1
1.57	3.54	5.25	1
1.5	3.9	5.25	2
1.66	4.05	5.3	1
1.64	3.65	5.3	2
1.66	3.12	5.3	3
1.53	3.68	5.35	2
1.46	4.15	5.35	1
1.54	4.2	5.4	3
1.45	5.05	5.4	1
1.65	3.48	5.4	2
1.59	3.88	5.4	1
1.4	4.7	5.4	1
1.44	4.3	5.4	3
1.54	3.6	5.45	1
1.57	3.86	5.45	1
1.76	3.12	5.45	3
1.44	4.25	5.45	2
1.46	4.1	5.5	1
1.54	3.55	5.5	1
1.57	3.95	5.5	1
1.59	3.72	5.5	2
1.53	3.54	5.6	2
1.45	4.1	5.6	1
1.49	3.8	5.6	2
1.46	4	5.6	1
1.63	3.12	5.6	2
1.44	4.25	5.6	3
1.38	4.75	5.65	1
1.53	4.1	5.7	1
1.4	4.45	5.75	1
1.61	3.58	5.8	3
1.43	4.8	5.85	1
1.57	4.33	5.85	1
1.39	4.55	5.85	2
1.44	4.05	5.85	1
1.44	4.75	5.9	1
1.56	3.72	5.9	1
1.49	4.2	5.9	1
1.54	4.65	5.95	1
1.53	4.7	5.95	1
1.39	4.45	5.95	1
1.41	4.25	5.95	1
1.48	3.72	5.95	1
1.46	3.82	6	2
1.4	4.33	6.05	2
1.4	4.33	6.05	1
1.4	4.25	6.1	1
1.41	4.15	6.15	2
1.44	3.86	6.2	1
1.37	4.5	6.2	1
1.48	3.66	6.2	2
1.49	3.56	6.2	1
1.42	4.05	6.2	1
1.45	3.78	6.3	1
1.37	4.45	6.3	3
1.45	4.33	6.3	3
1.37	4.5	6.3	3
1.35	4.75	6.3	1
1.57	4.1	6.35	1
1.4	4.15	6.35	3
1.38	4.33	6.35	2
1.46	3.7	6.35	2
1.44	4.5	6.4	1
1.5	3.48	6.4	3
1.43	4.45	6.45	1
1.48	3.55	6.45	2
1.43	3.86	6.45	3
1.38	4.3	6.5	1
1.48	4	6.5	3
1.52	3.72	6.55	1
1.42	4.65	6.55	1
1.41	4.6	6.55	1
1.4	4.1	6.55	1
1.52	3.8	6.6	2
1.31	5.05	6.6	2
1.45	4.33	6.6	1
1.45	3.68	6.6	2
1.37	4.3	6.65	1
1.33	4.75	6.65	3
1.51	4.4	6.7	2
1.4	4.05	6.7	2
1.36	5.1	6.75	2
1.39	4.05	6.8	1
1.47	4.7	6.85	3
1.3	5.05	6.85	1
1.41	4.6	6.85	2
1.43	4.4	6.85	3
1.36	4.3	6.9	3
1.35	4.45	6.9	1
1.38	4.75	6.95	3
1.45	4.05	7	1
1.42	4.3	7	1
1.39	4.6	7	1
1.44	3.64	7.1	2
1.34	4.5	7.1	1
1.35	4.3	7.2	1
1.53	4.25	7.2	2
1.43	3.64	7.2	1
1.42	5.3	7.4	1
1.39	4.55	7.5	2
1.3	4.75	7.5	1
1.36	4.1	7.6	1
1.22	6.1	7.7	1
1.42	5.05	7.7	1
1.36	4.05	7.7	2
1.38	4.55	7.8	1
1.31	5.55	7.8	1
1.38	4.55	7.8	1
1.36	3.98	7.8	1
1.31	5.3	7.9	1
1.53	3.95	8	1
1.28	4.85	8	1
1.39	4.35	8.1	3
1.27	4.95	8.1	1
1.28	4.8	8.1	1
1.36	4.5	8.2	3
1.37	4.4	8.2	1
1.28	4.75	8.2	3
1.36	4.65	8.2	1
1.25	5.2	8.3	1
1.33	4.15	8.3	2
1.37	3.8	8.3	1
1.38	5.35	8.5	1
1.31	5.05	8.5	2
1.38	3.7	8.5	1
1.31	5.2	8.6	2
1.29	4.5	8.7	2
1.37	5.15	8.7	2
1.28	4.6	8.7	1
1.39	5.15	8.7	1
1.25	5.05	8.7	3
1.27	4.8	8.7	1
1.33	4.05	8.8	1
1.29	4.45	8.8	3
1.36	4.35	8.8	1
1.23	5.35	8.8	2
1.27	4.7	8.9	1
1.3	4.33	8.9	2
1.25	5.05	8.9	2
1.26	5.75	9	1
1.27	4.65	9	1
1.22	5.4	9.1	1
1.22	5.45	9.1	1
1.19	6.2	9.1	1
1.26	4.7	9.6	1
1.22	5.3	9.8	1
1.28	5	9.9	1
1.27	4.45	9.9	1
1.24	5.8	9.9	1
1.16	6.55	10.5	1
1.28	4.85	10.5	1
1.19	5.65	10.5	1
1.22	5.05	10.5	1
1.26	5.2	10.75	1
1.27	5.15	11	1
1.25	5.3	11	1
1.3	3.95	11	1
1.17	5.9	11	1
1.22	5.9	11.25	1
1.28	4.1	11.25	1
1.26	4.4	11.25	1
1.22	4.85	11.5	1
1.22	4.75	12	2
1.26	6.6	12	1
1.22	5.55	12.5	2
1.15	6.15	12.5	1
1.18	5.25	13	3
1.18	5.4	13	2
1.24	6.35	13.25	1
1.18	6.75	13.5	1
1.15	5.9	13.75	1
1.17	6.5	14.75	2
1.15	7.2	15.25	1
1.11	6.95	15.75	1
1.12	6.4	16.25	1
1.14	7.3	16.75	2
1.13	7.8	16.75	1
1.12	8.3	17.25	1
1.1	6.95	18	2
1.13	7.3	18.5	2
1.02	10.75	28	1
1	11.5	34	1
1.05	10.75	35	1
1.07	13.75	48	1
